img217 0.34737056 303 12 331 52
img217 0.37655476 212 12 241 61
img217 0.3982916 110 293 142 339
img217 0.42480114 206 346 232 383
img217 0.43218046 75 242 105 289
img217 0.43844387 79 348 112 392
img217 0.44584867 115 348 146 391
img217 0.45274836 148 22 176 61
img217 0.46776032 77 293 108 341
img217 0.48454437 110 242 141 287
img217 0.5113149 261 345 285 383
img217 0.54995763 179 347 204 384
img217 0.6034214 180 21 207 60
img217 0.60519654 106 184 139 237
img217 0.6103252 236 390 258 420
img217 0.6502991 262 387 285 419
img217 0.6588566 152 346 176 385
img217 0.6668399 74 185 105 237
img217 0.6801403 73 127 104 177
img217 0.70590574 106 125 139 176
img217 0.74303883 289 345 314 382
img217 0.75392044 181 391 204 422
img217 0.75804067 208 391 232 421
img217 0.78311014 108 69 140 118
img217 0.8086389 155 390 176 424
img217 0.83515966 289 387 314 417
img217 0.85540634 72 70 105 120
