img25 0.8860883 191.0 56.0 227.0 94.0
img25 0.83345234 30.5 96.5 75.5 141.5
img25 0.8135133 84.0 97.5 128.0 144.5
img25 0.83550674 32.5 150.0 73.5 196.0
img25 0.8179011 84.5 151.0 125.5 197.0
img25 0.8479903 28.5 209.5 73.5 254.5
img25 0.7927935 83.0 207.0 129.0 255.0
img25 0.8625417 31.0 264.0 71.0 304.0
img25 0.8210443 87.0 263.0 125.0 303.0
img25 0.84753364 32.5 312.0 71.5 354.0
img25 0.8181637 88.0 312.0 124.0 352.0
img25 0.82322043 88.0 361.5 124.0 402.5
img25 0.8617146 33.0 363.5 73.0 404.5
img25 0.40490806 144.0 59.0 180.0 89.0
img25 0.39188117 234.0 59.0 268.0 91.0
img25 0.4097829 278.5 60.5 313.5 89.5
img25 0.45616883 321.0 61.0 355.0 91.0
img25 0.38024428 364.0 61.0 398.0 89.0
img25 0.42519307 139.5 366.0 168.5 392.0
img25 0.5651472 177.0 364.5 209.0 393.5
img25 0.5954853 215.5 364.0 248.5 392.0
img25 0.59978676 256.0 365.0 288.0 395.0
img25 0.33840853 294.0 367.5 324.0 396.5
img25 0.3920706 333.0 365.0 363.0 395.0
img25 0.40657434 142.5 407.5 167.5 432.5
img25 0.4897578 179.0 406.5 207.0 431.5
img25 0.5572514 217.0 406.5 247.0 431.5
img25 0.23288608 256.5 408.5 283.5 431.5
img25 0.37191102 295.0 406.5 321.0 431.5
img25 0.48640198 333.0 407.0 359.0 431.0
