img25 0.81546116 3103.5 297.0 3522.5 549.0
img25 0.8648828 3573.5 279.0 4002.5 543.0
img25 0.85072964 4069.0 281.5 4479.0 520.5
img25 0.73384124 4554.5 264.5 4961.5 519.5
img25 0.830744 1178.5 374.0 1601.5 648.0
img25 0.76632565 1607.0 320.0 2093.0 602.0
img25 0.7054856 4591.5 605.5 4972.5 844.5
img25 0.15525632 2074.5 694.0 2539.5 884.0
img25 0.18227357 2538.5 665.0 3021.5 873.0
img25 0.18988211 1146.0 741.0 1514.0 959.0
img25 0.0 1664.5 1002.0 1929.5 1238.0
img25 0.22907384 2143.5 1018.5 2468.5 1201.5
img25 0.19639413 1128.5 1072.5 1569.5 1255.5
img25 0.23589347 1652.5 1031.0 1959.5 1249.0
img25 0.23573196 3184.5 1341.0 3471.5 1543.0
img25 0.30065984 3653.0 1338.0 3983.0 1516.0
img25 0.29536003 1651.0 1373.5 1989.0 1578.5
img25 0.21868472 4770.0 1675.5 4854.0 1750.5
img25 0.3258962 3692.0 1642.0 3956.0 1858.0
img25 0.40853676 4276.0 1691.5 4396.0 1776.5
img25 0.37574738 4283.0 2027.0 4389.0 2099.0
img25 0.42357212 4771.5 2020.0 4872.5 2098.0
img25 0.20009558 4704.0 2258.5 4780.0 2325.5
img25 0.29139668 4863.5 2251.5 4934.5 2330.5
