img25 0.8451144 5.5   4.   62.5  66. 
img25 0.7953983 75.5   5.5 132.5  64.5
img25 0.8512358 4.5  80.5  63.5 143.5
img25 0.7870911 75.   81.5 137.  142.5
img25 0.8575897 6.5 153.5  59.5 208.5
img25 0.7727245 80.  151.  134.  207. 
img25 0.8149486 10.  218.5  64.  273.5
img25 0.7784859 79.5 216.  132.5 272. 
img25 0.8172151 12.  286.5  64.  339.5
img25 0.7535235 81.  284.  135.  338. 
img25 0.8056223 151.5 287.5 192.5 330.5
img25 0.9100039 203.  286.5 245.  329.5
img25 0.8596696 255.5 285.5 296.5 330.5
img25 0.8209495 304.5 284.  349.5 330. 
img25 0.8392155 357.  286.5 399.  329.5
img25 0.7957741 406.5 287.  449.5 331. 
img25 0.35528556 358.  338.  396.  376. 
img25 0.530142 204.  341.  244.  377. 
img25 0.47993383 256.5 340.5 295.5 375.5
img25 0.29338586 307.  341.  345.  375. 
img25 0.3817088 410.5 340.5 447.5 373.5
img25 0.21768598 153.  343.5 193.  376.5